Arc: 144.625 -67.921 0 192.906 -16.384 0 227.197 -96.8923 0 163.336 -37.0658 0
Arc: 192.906 -16.384 0 205.961 -41.317 0 431.016 92.4067 0 199.098 -29.0261 0
Segment: 205.961 -41.317 0 211.952 -54.543 0
Arc: 211.952 -54.543 0 197.439 -72.491 0 201.307 -60.7767 0 210.899 -68.5334 0
Segment: 197.439 -72.491 0 187.411 -76.643 0
Arc: 187.411 -76.643 0 182.575 -132.977 0 121.475 -99.3573 0 190.958 -105.322 0
Arc: 182.575 -132.977 0 176.072 -160.938 0 226.953 -158.035 0 177.314 -146.49 0
Arc: 176.072 -160.938 0 180.059 -187.751 0 119.354 -183.075 0 179.577 -174.12 0
Segment: 180.059 -187.751 0 165.561 -187.885 0
Segment: 165.561 -187.885 0 151.075 -186.576 0
Segment: 151.075 -186.576 0 136.586 -185.298 0
Segment: 136.586 -185.298 0 122.058 -184.651 0
Arc: 122.058 -184.651 0 97.905 -194.754 0 116.428 -205.115 0 108.238 -185.535 0
Arc: 97.905 -194.754 0 120.437 -204.024 0 111.926 -192.692 0 106.534 -205.798 0
Arc: 120.437 -204.024 0 151.66 -174.509 0 88.5456 -139.015 0 138.288 -191.636 0
Arc: 151.66 -174.509 0 121.631 -109.25 0 118.288 -150.327 0 155.727 -133.099 0
Arc: 121.631 -109.25 0 59.257 -163.501 0 133.599 -185.993 0 82.627 -127.388 0
Arc: 59.257 -163.501 0 79.027 -214.935 0 109.571 -173.678 0 61.6557 -192.096 0
Arc: 79.027 -214.935 0 104.072 -228.525 0 113.305 -181.636 0 90.513 -223.64 0
Arc: 104.072 -228.525 0 162.112 -230.687 0 117.37 -651.695 0 133.129 -228.61 0
Arc: 162.112 -230.687 0 174.932 -263.463 0 160.574 -250.184 0 178.788 -243.06 0
