Arc: 70.853 -72.601 0 89.585 -33.682 0 110.207 -67.5748 0 74.4585 -50.3689 0
Segment: 89.585 -33.682 0 95.375 -46.917 0
Arc: 95.375 -46.917 0 133.076 -60.532 0 114.634 -52.5926 0 107.815 -71.477 0
Arc: 133.076 -60.532 0 155.18 -49.796 0 146.502 -60.0527 0 140.633 -47.9678 0
Arc: 155.18 -49.796 0 167.087 -74.408 0 183.381 -51.339 0 157.957 -63.6388 0
Segment: 167.087 -74.408 0 181.78 -78.85 0
Segment: 181.78 -78.85 0 192.643 -89.231 0
Arc: 192.643 -89.231 0 172.337 -125.112 0 164.967 -97.2549 0 190.045 -111.447 0
Arc: 172.337 -125.112 0 148.689 -111.23 0 167.638 -106.033 0 157.691 -122.978 0
Arc: 148.689 -111.23 0 162.107 -101.118 0 154.118 -104.475 0 148.902 -97.5544 0
Arc: 162.107 -101.118 0 137.171 -116.671 0 133.579 -83.1452 0 151.423 -111.754 0
Arc: 137.171 -116.671 0 144.136 -131.449 0 138.39 -125.127 0 130.663 -128.769 0
Arc: 144.136 -131.449 0 128.072 -112.405 0 130.956 -126.27 0 141.781 -117.139 0
Segment: 128.072 -112.405 0 113.392 -116.375 0
Arc: 113.392 -116.375 0 120.496 -123.937 0 113.58 -123.317 0 108.519 -128.071 0
Arc: 120.496 -123.937 0 97.612 -109.18 0 -77.1806 -405.357 -0 109.2 -116.332 0
Arc: 97.612 -109.18 0 107.124 -109.628 0 102.722 -101.897 0 103.14 -93.0105 0
Segment: 107.124 -109.628 0 92.056 -111.717 0
Arc: 92.056 -111.717 0 81.561 -126.724 0 87.73 -119.865 0 80.1701 -114.578 0
Segment: 81.561 -126.724 0 89.859 -115.621 0
Arc: 89.859 -115.621 0 66.763 -107.886 0 76.0659 -118.457 0 80.5378 -105.104 0
Arc: 66.763 -107.886 0 59.878 -137.358 0 113.575 -134.362 0 61.2046 -122.128 0
Arc: 59.878 -137.358 0 78.96 -152.53 0 72.4658 -141.112 0 64.2908 -151.394 0
Segment: 78.96 -152.53 0 139.745 -143.811 0
Segment: 139.745 -143.811 0 155.055 -145.267 0
Arc: 155.055 -145.267 0 150 -159.69 0 155.37 -153.475 0 163.121 -156.191 0
Arc: 150 -159.69 0 59.574 -157.52 0 107.848 -31.026 0 104.6 -166.38 0
Arc: 59.574 -157.52 0 41.808 -134.953 0 65.2264 -134.793 0 46.8254 -149.28 0
Segment: 41.808 -134.953 0 40.172 -119.734 0
Arc: 40.172 -119.734 0 76.762 -71.757 0 129.667 -150.046 0 54.5345 -92.7464 0
