Arc: 115.14 -20.69 0 137.164 -18.022 0 128.479 -38.564 0 125.797 -16.4233 0
Arc: 137.164 -18.022 0 152.433 -35.396 0 9.95961 -145.211 0 145.078 -26.4633 0
Arc: 152.433 -35.396 0 162.551 -26.349 0 158.243 -31.7126 0 162.829 -36.8409 0
Arc: 162.551 -26.349 0 144.728 -30.957 0 154.875 -33.433 0 152.261 -23.3204 0
Arc: 144.728 -30.957 0 153.182 -52.205 0 201.749 -20.5756 0 147.897 -42.0021 0
Arc: 153.182 -52.205 0 147.104 -74.575 0 -128.899 12.4267 0 150.367 -63.4509 0
Arc: 147.104 -74.575 0 152.207 -95.323 0 161.163 -82.1187 0 145.67 -85.9293 0
Arc: 152.207 -95.323 0 190.237 -82.127 0 166.159 -74.1348 0 174.476 -98.1024 0
Arc: 190.237 -82.127 0 186.357 -60.411 0 170.839 -74.3882 0 191.398 -70.7149 0
Arc: 186.357 -60.411 0 139.128 -74.274 0 167.396 -83.1948 0 159.047 -54.7529 0
Segment: 139.128 -74.274 0 131.784 -83.097 0
Arc: 131.784 -83.097 0 109.44 -89.002 0 98.4578 -2.21988 0 120.808 -86.7907 0
Arc: 109.44 -89.002 0 75.792 -84.706 0 97.802 -46.2347 0 92.1888 -90.2003 0
Segment: 75.792 -84.706 0 69.011 -75.335 0
Segment: 69.011 -75.335 0 61.819 -66.265 0
Segment: 61.819 -66.265 0 52.629 -59.262 0
Segment: 52.629 -59.262 0 41.275 -57.244 0
Arc: 41.275 -57.244 0 22.641 -67.896 0 37.9754 -73.0964 0 29.9395 -59.039 0
Arc: 22.641 -67.896 0 59.274 -89.778 0 43.7963 -74.0845 0 32.493 -93.0075 0
Arc: 59.274 -89.778 0 90.241 -84.175 0 77.5634 -102.485 0 73.5984 -80.5702 0
Arc: 90.241 -84.175 0 112.094 -82.954 0 100.235 -66.8696 0 101.35 -86.8223 0
Arc: 112.094 -82.954 0 122.674 -62.381 0 238.593 -135.001 0 116.948 -72.4434 0
Arc: 122.674 -62.381 0 133.812 -72.37 0 127.847 -67.817 0 132.857 -62.2305 0
Arc: 133.812 -72.37 0 112.705 -80.692 0 112.065 -48.1402 0 124.007 -78.429 0
Arc: 112.705 -80.692 0 97.202 -64.784 0 120.297 -57.7855 0 103.014 -74.6278 0
Arc: 97.202 -64.784 0 110.873 -70.021 0 105.521 -63.5301 0 108.53 -55.674 0
Arc: 110.873 -70.021 0 82.618 -72.956 0 95.9807 -64.1259 0 97.6355 -80.0568 0
Arc: 82.618 -72.956 0 32.055 -46.996 0 21.962 -128.876 0 59.6427 -55.4841 0
Segment: 32.055 -46.996 0 20.479 -46.356 0
Arc: 20.479 -46.356 0 13.611 -58.44 0 17.303 -52.5447 0 11.2555 -49.1075 0
Segment: 13.611 -58.44 0 23.014 -51.682 0
Arc: 23.014 -51.682 0 53.333 -37.427 0 52.4175 -74.8501 0 36.4898 -40.9734 0
Segment: 53.333 -37.427 0 63.034 -43.222 0
Arc: 63.034 -43.222 0 82.803 -51.565 0 78.1088 -35.0948 0 71.4499 -50.8733 0
Segment: 82.803 -51.565 0 92.507 -45.413 0
Arc: 92.507 -45.413 0 121.542 -27.441 0 131.82 -76.485 0 105.446 -33.8775 0
Arc: 121.542 -27.441 0 126.138 -48.851 0 124.188 -38.0714 0 134.898 -35.7722 0
Arc: 126.138 -48.851 0 92.938 -41.313 0 119.499 -1.2117 0 108.849 -48.1176 0
