Arc: 67.55 -61.988 0 44.014 -102.579 0 211.837 -172.769 0 54.4678 -81.5215 0
Arc: 44.014 -102.579 0 49.478 -120.773 0 51.7306 -110.179 0 41.3575 -113.294 0
Arc: 49.478 -120.773 0 76.924 -101.129 0 44.5126 -84.8401 0 65.6249 -114.338 0
Arc: 76.924 -101.129 0 90.057 -81.608 0 -498.973 300.491 0 83.5723 -91.4235 0
Arc: 90.057 -81.608 0 100.786 -70.234 0 106.128 -86.0199 0 94.0048 -74.5846 0
Arc: 100.786 -70.234 0 83.596 -113.981 0 410.478 -217.176 0 91.4403 -91.8125 0
Segment: 83.596 -113.981 0 88.229 -120.531 0
Arc: 88.229 -120.531 0 109.112 -109.845 0 19.2325 40.0529 0 98.85 -115.539 0
Arc: 109.112 -109.845 0 116.203 -118.07 0 120.216 -107.441 0 111.611 -114.86 0
Arc: 116.203 -118.07 0 153.923 -73.184 0 -30.4932 43.4983 0 136.577 -96.8995 0
Segment: 153.923 -73.184 0 157.989 -62.495 0
Arc: 157.989 -62.495 0 126.399 -74.848 0 154.579 -100.344 0 140.739 -64.9515 0
Arc: 126.399 -74.848 0 137.027 -97.243 0 133.469 -85.2122 0 122.135 -90.5912 0
Arc: 137.027 -97.243 0 159.859 -92.397 0 280.749 -718.183 0 148.421 -94.7155 0
Segment: 159.859 -92.397 0 166.725 -99.479 0
Arc: 166.725 -99.479 0 147.834 -112.221 0 177.184 -135.36 0 156.285 -104.375 0
Segment: 147.834 -112.221 0 157.144 -117.845 0
Arc: 157.144 -117.845 0 190.464 -109.234 0 163.149 -72.3122 0 174.641 -116.778 0
Arc: 190.464 -109.234 0 191.564 -92.584 0 188.864 -100.767 0 197.462 -101.335 0
Arc: 191.564 -92.584 0 169.011 -86.829 0 196.034 -27.9985 0 180.027 -90.7284 0
Segment: 169.011 -86.829 0 172.557 -77.107 0
Arc: 172.557 -77.107 0 216.383 -63.077 0 214.026 -131.178 0 193.25 -66.2806 0
Arc: 216.383 -63.077 0 199.415 -78.657 0 206.351 -69.1809 0 214.293 -77.8308 0
Segment: 199.415 -78.657 0 208.973 -72.296 0
Arc: 208.973 -72.296 0 267.249 -67.225 0 252.246 -232.199 0 237.885 -67.1678 0
Segment: 267.249 -67.225 0 269.255 -69.416 0
Arc: 269.255 -69.416 0 235.514 -99.275 0 279.057 -114.485 0 248.49 -79.9452 0
Arc: 235.514 -99.275 0 227.908 -119.11 0 196.719 -95.7743 0 233.089 -109.721 0
